 CYS  2
  0    1.533  1    1.811  4
  0  110.421  0  113.588  1
  0 -121.931  2   16.479  0
  0    3.219  2  106.912  0
 MET  4
  1    1.532  1    1.522  4    1.809  5    1.788  6
  1  110.494  0  113.492  1  112.239  4  100.676  5
  1 -122.247  2    7.227  0   90.740  1   21.862  4
  1    3.224  2  111.707  0  113.798  1   99.655  4
 PHE  7
  2    1.535  1    1.508  4    1.390  5    2.395  6    2.775  7    2.405  8    1.389  9
  2  110.486  0  113.679  1  120.646  4   30.555  5   30.124  6   30.127  7   30.032  8
  2 -122.115  2   26.572  0   17.734  1  180.048  4  179.993  5  180.000  6  179.982  7
  2    3.350  2  114.986  0   77.108  1    2.671  4    1.165  5    0.929  6    1.210  7
 ILE  4
  3    1.547  1    1.533  4    1.530  4    1.521  5
  3  111.149  0  110.300  1  110.711  5  113.769  4
  3 -122.168  2  -28.258  0  122.835  1  124.047  1
  3    4.213  2   76.824  0    3.195  1   89.529  1
 LEU  4
  4    1.533  1    1.531  4    1.523  5    1.523  5
  4  110.264  0  116.250  1  110.160  4  110.464  6
  4 -121.911  2    1.243  0  124.874  1 -121.869  4
  4    3.601  2  114.859  0   70.928  1    6.753  4
 VAL  3
  5    1.545  1    1.525  4    1.525  4
  5  111.287  0  110.773  1  110.198  5
  5 -122.206  2  119.886  0 -122.459  1
  5    4.552  2   95.829  0    4.074  1
 TRP 10
  6    1.534  1    1.501  4    1.368  5    2.243  6    2.244  7    1.369  8    2.424  9    2.839 10    2.424 11    1.404 12
  6  110.408  0  113.926  1  126.890  4   37.744  5   35.685  6   36.851  7  137.885  8   29.476  9   29.291 10   28.903 11
  6 -122.218  2   33.426  0   17.302  1  180.030  4  179.995  5  180.010  6   -0.022  7  180.046  8  180.005  9  179.988 10
  6    3.366  2  115.202  0   85.861  1    6.314  4    1.173  5    1.124  6    0.765  7    1.493  8    0.941  9    1.145 10
 TYR  8
  7    1.535  1    1.513  4    1.393  5    2.393  6    2.774  7    2.405  8    1.385  9    1.377 10
  7  110.407  0  113.644  1  120.883  4   30.789  5   30.112  6   30.097  7   29.697  8  119.611  9
  7 -122.024  2   29.691  0   18.024  1  180.078  4  179.960  5  180.001  6  179.995  7  179.929  8
  7    3.328  2  114.411  0   77.400  1    2.701  4    1.216  5    0.889  6    1.162  7    4.750  8
 ALA  1
  8    1.526  1
  8  110.200  0
  8 -122.250  2
  8    2.586  2
 GLY  0
  9
  9
  9
  9
 THR  3
 10    1.545  1    1.433  4    1.523  4
 10  111.115  0  108.791  1  109.220  5
 10 -121.908  2   16.275  0  121.484  1
 10    3.164  2   76.477  0    6.074  1
 SER  2
 11    1.531  1    1.418  4
 11  110.380  0  110.499  1
 11 -122.105  2   48.875  0
 11    3.154  2   91.105  0
 GLN  5
 12    1.532  1    1.524  4    1.518  5    1.236  6    1.329  6
 12  110.480  0  113.553  1  112.689  4  120.889  5  122.376  7
 12 -122.194  2   11.117  0   94.393  1    9.638  4  179.782  5
 12    3.140  2  113.405  0  110.754  1   84.465  4    8.198  5
 ASN  4
 13    1.533  1    1.517  4    1.235  5    1.327  5
 13  110.403  0  112.514  1  120.801  4  122.445  6
 13 -122.693  2   11.693  0    2.750  1  179.987  4
 13    5.489  2  113.904  0   79.314  1    6.993  4
 GLU  5
 14    1.532  1    1.523  4    1.518  5    1.250  6    1.255  6
 14  110.421  0  113.761  1  113.292  4  119.325  5  122.797  7
 14 -122.192  2   14.423  0   97.820  1    7.418  4  179.471  5
 14    4.772  2  115.070  0  111.058  1   65.604  4   12.738  5
 ASP  4
 15    1.532  1    1.517  4    1.249  5    1.252  5
 15  110.391  0  113.115  1  119.413  4  122.658  6
 15 -122.362  2   20.211  0    1.271  1  179.789  4
 15    5.094  2  115.173  0   61.752  1    7.404  4
 HIS  6
 16    1.535  1    1.498  4    1.378  5    2.193  6    2.194  7    1.324  8
 16  110.370  0  113.197  1  122.827  4   36.393  5   35.172  6   36.328  7
 16 -122.039  2   21.263  0    9.179  1  179.841  4  179.963  5  179.999  6
 16    5.263  2  113.455  0   98.154  1    6.078  4    3.366  5    1.174  6
 ARG  7
 17    1.531  1    1.522  4    1.522  5    1.460  6    1.331  7    1.331  8    1.331  8
 17  110.475  0  113.661  1  111.542  4  111.685  5  124.939  6  120.887  7  119.533  9
 17 -122.169  2   16.467  0  112.664  1   68.466  4   48.321  5    9.647  6  179.366  7
 17    5.452  2  115.949  0  112.639  1  112.662  4  123.447  5  -41.155  6   13.374  7
 LYS  5
 18    1.531  1    1.521  4    1.523  5    1.524  6    1.491  7
 18  110.447  0  113.815  1  111.437  4  111.704  5  111.750  6
 18 -122.179  2   14.593  0  107.551  1  107.744  4   91.782  5
 18    4.113  2  116.179  0  112.703  1  111.423  4  114.036  5
 PRO  3
 19    1.530  1    1.501  4    1.513  5
 19  103.688  0  103.895  1  104.504  4
 19 -120.523  2    1.579  0    0.050  1
 19    2.920  2   26.853  0   36.256  1